line
0 0 0 499 499 0
line
0 499 0 499 0 0
line
0 250 0 499 250 0
line
250 0 0 250 499 0
line
0 0 0 0 499 0
line
0 0 0 499 0 0
line
499 0 0 499 499 0
line
0 499 0 499 499 0
line
0 0 0 250 499 0
line
0 0 0 499 250 0
line
0 499 0 250 0 0
line
0 499 0 499 250 0
line
499 0 0 0 250 0
line
499 0 0 250 499 0
line
499 499 0 0 250 0
line
499 499 0 250 0 0
line
250 0 0 0 250 0
line
0 250 0 250 499 0
line
250 499 0 499 250 0
line
499 250 0 250 0 0
line
0 0 499 499 499 499
line
0 499 499 499 0 499
line
0 250 499 499 250 499
line
250 0 499 250 499 499
line
0 0 499 0 499 499
line
0 0 499 499 0 499
line
499 0 499 499 499 499
line
0 499 499 499 499 499
line
0 0 499 250 499 499
line
0 0 499 499 250 499
line
0 499 499 250 0 499
line
0 499 499 499 250 499
line
499 0 499 0 250 499
line
499 0 499 250 499 499
line
499 499 499 0 250 499
line
499 499 499 250 0 499
line
250 0 499 0 250 499
line
0 250 499 250 499 499
line
250 499 499 499 250 499
line
499 250 499 250 0 499
line
0 0 0 0 0 499
line
0 250 0 0 250 499
line
0 499 0 0 499 499
line
250 0 0 250 0 499
line
250 250 0 250 250 499
line
250 499 0 250 499 499
line
499 0 0 499 0 499
line
499 250 0 499 250 499
line
499 499 0 499 499 499
display
ident
scale
.5 .5 .5
apply
display
ident
move
150 150 0
apply
display
ident
rotate
z 30
rotate
x 30
rotate
y 30
apply
display
save
pic.png